%YAML:1.0
---
camera_matrix: !!opencv-matrix
   rows: 3
   cols: 3
   dt: d
   data: [ 791.5004023272736, 0., 1005.0190564261223, 0.,
       791.5848171457094, 560.1217000128077, 0., 0., 1. ]
dist_coeffs: !!opencv-matrix
   rows: 1
   cols: 5
   dt: d
   data: [ -0.10389823212088466, 0.01117498710777802,
       3.587135904886769e-05, 8.83939765863256e-05,
       -0.0003010549043691094 ]